Depth: 0.0
Latitude: 36.547262974322216
Longitude: -122.50529333909431
Salinituy: 33.39944076538086
Temperature: 16.193517684936523
W: 0.34099937658389273
X: 0.0
Y: 0.0
Z: 0.9400635218799825
